3 0.06149425287356319 0.8143678160919541 0.0701149425287356 0.1
3 0.18678160919540232 0.8166666666666664 0.07471264367816091 0.1022988505747126
3 0.31264367816091954 0.814367816091954 0.07586206896551723 0.0977011494252875
3 0.43620689655172407 0.8172413793103448 0.07701149425287354 0.09885057471264361
3 0.8132183908045977 0.8178160919540229 0.0747126436781609 0.09770114942528735
3 0.9379310344827584 0.814942528735632 0.07356321839080451 0.09885057471264375
3 0.9379310344827584 0.19482758620689652 0.07126436781609201 0.0954022988505747
3 0.8126436781609193 0.19655172413793098 0.08275862068965513 0.09885057471264368
3 0.6885057471264366 0.19252873563218387 0.08505747126436787 0.09310344827586205
3 0.5632183908045976 0.19310344827586207 0.08735632183908038 0.09885057471264364
3 0.18793103448275858 0.19137931034482755 0.07701149425287353 0.10459770114942525
3 0.06379310344827584 0.19195402298850575 0.0816091954022988 0.09655172413793099
5 0.06206896551724137 0.9408045977011494 0.07816091954022987 0.09770114942528735
5 0.9373563218390802 0.9396551724137931 0.0839080459770115 0.1000000000000007
5 0.9385057471264358 0.0632183908045977 0.08620689655172409 0.11264367816091952
2 0.8126436781609194 0.9367816091954022 0.09655172413793096 0.10804597701149418
2 0.30862068965517236 0.3126436781609195 0.09540229885057475 0.11034482758620687
2 0.05977011494252873 0.06206896551724137 0.0896551724137931 0.11494252873563215
0 0.3172413793103448 0.936206896551724 0.0896551724137931 0.10919540229885058
0 0.6879310344827584 0.9379310344827584 0.08160919540229884 0.10804597701149433
0 0.562068965517241 0.5614942528735632 0.09195402298850572 0.11149425287356313
0 0.6879310344827584 0.06091954022988505 0.09310344827586206 0.11264367816091951
1 0.5632183908045973 0.9350574712643674 0.09885057471264366 0.10919540229885034
1 0.4373563218390805 0.06149425287356319 0.10000000000000009 0.11379310344827581
4 0.4362068965517241 0.9367816091954022 0.10229885057471258 0.10574712643678169
