3 0.06149425287356321 0.8195402298850573 0.07241379310344827 0.09425287356321846
3 0.18620689655172412 0.8189655172413792 0.07586206896551723 0.0954022988505747
3 0.3137931034482758 0.8183908045977012 0.06896551724137932 0.09655172413793096
3 0.43965517241379304 0.8189655172413791 0.0747126436781609 0.09310344827586206
3 0.6879310344827584 0.818390804597701 0.07011494252873561 0.09195402298850582
3 0.8137931034482758 0.818390804597701 0.07816091954022986 0.0988505747126436
3 0.939655172413793 0.8206896551724137 0.0678160919540231 0.0965517241379311
3 0.564367816091954 0.5695402298850574 0.07356321839080458 0.09310344827586206
3 0.5637931034482757 0.19540229885057467 0.07241379310344818 0.09655172413793103
3 0.689655172413793 0.19425287356321838 0.07126436781609197 0.09425287356321845
3 0.8126436781609194 0.19540229885057467 0.07816091954022994 0.1057471264367816
3 0.936206896551724 0.1919540229885057 0.07471264367816105 0.09885057471264366
3 0.43965517241379304 0.19712643678160915 0.06781609195402304 0.09080459770114942
3 0.3155172413793102 0.19482758620689652 0.07471264367816088 0.09540229885057469
3 0.18793103448275858 0.19425287356321835 0.08160919540229887 0.09885057471264366
3 0.06551724137931034 0.19137931034482755 0.06896551724137931 0.10459770114942525
1 0.5614942528735631 0.06264367816091952 0.10229885057471265 0.10919540229885055
1 0.5620689655172413 0.9373563218390802 0.10574712643678161 0.10689655172413794
