3 0.06264367816091954 0.8201149425287355 0.07241379310344825 0.08850574712643677
3 0.18620689655172412 0.8201149425287355 0.07586206896551723 0.09080459770114928
3 0.31034482758620685 0.8189655172413792 0.0850574712643678 0.1
3 0.6873563218390802 0.8206896551724137 0.07356321839080453 0.08735632183908044
3 0.8109195402298849 0.8178160919540229 0.0793103448275862 0.09999999999999985
3 0.9373563218390802 0.8189655172413793 0.07471264367816088 0.09770114942528721
3 0.43793103448275855 0.5701149425287355 0.07586206896551723 0.09425287356321832
3 0.5626436781609194 0.5678160919540227 0.07701149425287346 0.09425287356321835
3 0.5614942528735631 0.31839080459770114 0.07701149425287347 0.09425287356321839
3 0.6873563218390802 0.19137931034482755 0.08275862068965509 0.10229885057471261
3 0.8137931034482755 0.19482758620689658 0.07356321839080449 0.09540229885057486
3 0.9333333333333332 0.19310344827586207 0.07586206896551742 0.1011494252873563
3 0.4385057471264367 0.19310344827586204 0.08390804597701149 0.09195402298850575
3 0.31609195402298845 0.19310344827586204 0.09195402298850577 0.09425287356321838
3 0.18793103448275858 0.1942528735632182 0.07701149425287349 0.08965517241379305
1 0.06321839080459771 0.19655172413793098 0.07356321839080461 0.0896551724137931
1 0.5603448275862069 0.9356321839080458 0.09999999999999992 0.1034482758620689
1 0.5655172413793103 0.06149425287356321 0.1034482758620689 0.10919540229885057
