3 0.059195402298850563 0.8201149425287355 0.0747126436781609 0.0954022988505747
3 0.18563218390804592 0.8195402298850573 0.07701149425287358 0.09655172413793096
3 0.31091954022988505 0.8172413793103448 0.07471264367816094 0.10344827586206903
3 0.43735632183908035 0.8183908045977007 0.07241379310344825 0.09425287356321829
3 0.564367816091954 0.8195402298850574 0.07356321839080458 0.10114942528735639
3 0.686206896551724 0.8166666666666659 0.0689655172413797 0.1045977011494252
3 0.8132183908045977 0.8160919540229884 0.07701149425287354 0.10574712643678154
3 0.9367816091954022 0.814367816091954 0.07356321839080465 0.1022988505747125
3 0.06149425287356321 0.19310344827586204 0.08390804597701149 0.1011494252873563
3 0.1879310344827586 0.19310344827586204 0.07471264367816093 0.1011494252873563
3 0.31091954022988505 0.19310344827586204 0.0793103448275862 0.1011494252873563
3 0.44022988505747124 0.1919540229885057 0.07356321839080451 0.09885057471264366
3 0.5614942528735631 0.19252873563218387 0.07931034482758627 0.10229885057471262
3 0.686206896551724 0.1913793103448274 0.07586206896551657 0.1022988505747125
3 0.8114942528735631 0.19195402298850575 0.08505747126436773 0.10344827586206894
3 0.9362068965517242 0.19425287356321835 0.08390804597701149 0.09885057471264366
