3 0.1867816091954023 0.6913793103448275 0.07241379310344827 0.09770114942528721
3 0.43850574712643675 0.5695402298850574 0.07011494252873561 0.09770114942528728
3 0.3137931034482758 0.44425287356321846 0.07356321839080468 0.09999999999999991
3 0.6879310344827584 0.82183908045977 0.06781609195402283 0.08965517241379317
3 0.8132183908045976 0.8229885057471263 0.06781609195402297 0.09195402298850582
3 0.9362068965517242 0.8178160919540229 0.07241379310344839 0.09999999999999985
3 0.18735632183908046 0.19367816091954018 0.0735632183908046 0.09540229885057469
3 0.06264367816091954 0.19597701149425284 0.0747126436781609 0.09770114942528735
3 0.6867816091954022 0.19252873563218387 0.07241379310344825 0.09540229885057469
3 0.8103448275862067 0.1919540229885057 0.0758620689655173 0.09885057471264366
3 0.9385057471264366 0.19540229885057467 0.0770114942528737 0.09885057471264366
1 0.5620689655172413 0.9367816091954022 0.09885057471264368 0.10804597701149418
1 0.5626436781609194 0.06494252873563218 0.09770114942528735 0.10689655172413794
