3 0.1867816091954023 0.6925287356321838 0.07471264367816093 0.09540229885057457
3 0.43850574712643675 0.5672413793103448 0.07011494252873561 0.09770114942528743
3 0.6873563218390804 0.8166666666666664 0.06666666666666644 0.09540229885057469
3 0.8126436781609194 0.8166666666666665 0.07586206896551716 0.09770114942528721
3 0.9390804597701148 0.8178160919540229 0.06896551724137936 0.09310344827586206
3 0.9379310344827584 0.19482758620689652 0.06896551724137921 0.0954022988505747
3 0.8143678160919536 0.19482758620689652 0.07701149425287332 0.0954022988505747
3 0.6879310344827586 0.1954022988505747 0.07701149425287354 0.09425287356321835
3 0.3137931034482758 0.1954022988505747 0.07356321839080453 0.08965517241379306
3 0.1862068965517241 0.19597701149425284 0.07126436781609191 0.09540229885057468
3 0.06264367816091954 0.19712643678160915 0.0793103448275862 0.09310344827586205
1 0.5637931034482758 0.9356321839080458 0.10229885057471265 0.11034482758620698
1 0.5632183908045977 0.060344827586206885 0.1034482758620689 0.11379310344827584
