3 0.09845398587937808 0.3223214991129726 0.0996051886384722 0.11350540425033515
3 0.2176343035974482 0.28006838369197706 0.11049735754964864 0.11730096837331778
3 0.565974266909162 0.14866105937510385 0.10700158870242717 0.11533051282718883
3 0.6834720570749107 0.10523186682520873 0.1075898213071963 0.11292040639555559
3 0.7992229320344946 0.06165013706043657 0.10804238896738497 0.11555228487257668
3 0.5856321839080458 0.5431034482758631 0.1087371334859042 0.11303691867044975
3 0.8623509550655178 0.5700181204292982 0.10389514303469496 0.11535594172908362
3 0.43617857706467317 0.8629264406728367 0.1049864234287525 0.11680591459612116
3 0.3200473072469364 0.9105753717693489 0.10693302603740701 0.11142492801451595
3 0.2005777152521281 0.9528139418976255 0.09530486825800714 0.09392227770020099
1 0.5952807786323041 0.9321292030679935 0.12368636022701927 0.13421053604839073
1 0.28489400111168395 0.11364828481749374 0.13287183726229052 0.13807330889463562
