3 0.13796969467990305 0.6795355440980592 0.09756993065925006 0.12443866547013734
3 0.2804597701149423 0.6787356321839079 0.07816091954022969 0.11379310344827578
3 0.40804597701149403 0.6833333333333331 0.07586206896551718 0.09770114942528726
3 0.525287356321839 0.6839080459770114 0.06896551724137936 0.10114942528735625
3 0.6316091954022987 0.6839080459770117 0.0749924736701405 0.10581342503043288
3 0.7270114942528731 0.6862068965517248 0.06711340190319674 0.09600661570770398
3 0.8117121248447616 0.6858480896402044 0.06700964803800616 0.09918592429773952
3 0.8954361929606738 0.687584455272443 0.06300624625639357 0.09305227148901907
3 0.806125211734264 0.2662700382208774 0.04692649787746319 0.057680677484072476
3 0.7413517875504485 0.25229752948058204 0.04764052003720238 0.06077701336073666
3 0.6741379310344826 0.23793103448275857 0.04712643678160916 0.05747126436781606
3 0.6022988505747127 0.22586206896551722 0.05517241379310342 0.06091954022988503
3 0.5239290294001078 0.2081760742346879 0.06153354275961291 0.06505754032835526
3 0.4419036611690083 0.1894169682913032 0.06205441097005604 0.06596354649281713
3 0.3534628357129593 0.17062459083874895 0.06657857883140039 0.06783764687105048
3 0.25464236219938596 0.15023852667658827 0.07294821241955035 0.07516301312405484
5 0.11114649824940713 0.8399397705652548 0.1327360163969773 0.15140742652039024
5 0.9153570819706479 0.8007781964236282 0.07880018876029111 0.106910546742333
5 0.7936781609195401 0.2034482758620688 0.04712643678160963 0.0528735632183907
5 0.2712502969500945 0.07700802222100378 0.07876604621209016 0.07602120003363433
2 0.2620689655172413 0.8281609195402294 0.10804597701149417 0.14367816091954008
2 0.8307029177718843 0.8046640141467729 0.09142325723374782 0.12445285073413288
2 0.7296908977943464 0.18705343274308753 0.05606730029995987 0.05662339167160104
2 0.3602022620080338 0.09921401840975706 0.07678629260463268 0.07798778364944195
0 0.3994252873563218 0.8189655172413794 0.09310344827586212 0.13908045977011502
0 0.7383449227579665 0.8071815100561237 0.08602622808178864 0.1291076649380642
0 0.6673410849992902 0.17078018112310153 0.054453539764469955 0.06052237511579984
0 0.44383512914504614 0.11809022433100021 0.07452774721199944 0.07006835069901751
4 0.5264313597918018 0.8159672522229456 0.10225764376082161 0.1374016622962094
4 0.5252611325655314 0.13726445894991052 0.0797638990799232 0.06900527654127343
