3 0.0730050414577344 0.633260929161886 0.11466729594887273 0.123427854745931
3 0.18053271387250025 0.693472235080896 0.11275989673885065 0.12103483788880567
3 0.29433984335266006 0.7542126945376875 0.1140149782868042 0.12232559851319592
3 0.4030997702153665 0.8116797564195011 0.11262982649639802 0.12003846761369885
3 0.5147366330770907 0.86949059950298 0.11725552650216783 0.12615744885089356
3 0.6230479526418276 0.9294344001737143 0.11109437096068135 0.12027222481492146
3 0.7310344827586199 0.9735632183908046 0.07816091954022968 0.052873563218390894
3 0.9190602197488037 0.3764850262827888 0.11499459483369406 0.1264751811114715
3 0.8104867357225016 0.31519997642518516 0.11844103679308347 0.13178724058298477
3 0.7024320156994668 0.25809503784692994 0.1112762099727405 0.1223028578425366
3 0.5919745435081962 0.20107388878485877 0.11139872057471471 0.12059239523989795
3 0.48065194328503913 0.14246962528167745 0.11144458805171595 0.12080108031659335
3 0.3706301120872461 0.08300619457008854 0.1125880768685256 0.12326622962725535
3 0.25241860775400077 0.03981343977577055 0.08789819835746293 0.07962687955154112
0 0.5321839080459767 0.04252873563218389 0.0896551724137929 0.08505747126436777
0 0.4448275862068966 0.9614942528735633 0.0919540229885059 0.07701149425287342
0 0.12563948074711026 0.7938675387617038 0.11932511971562794 0.1294803786136893
0 0.8734942205938929 0.20226011496942797 0.1314228795765152 0.14159556155865036
2 0.030459770114942483 0.7413793103448276 0.060919540229884966 0.11724137931034342
2 0.9660919540229884 0.2655172413793102 0.06781609195402302 0.1310344827586206
4 0.23557716534837525 0.8546887683581885 0.14269033506458367 0.14510958423238066
4 0.6524581465432194 0.08526790067187698 0.14257079402268238 0.14183211009327565
