3 0.07284662015568404 0.5918686405087001 0.1140362583971627 0.1211308116075697
3 0.177606004195846 0.6576083680524784 0.11693783534114008 0.1251650445106292
3 0.28406106017312527 0.7253320758469846 0.11453564534049043 0.12312072297140872
3 0.3878424785745953 0.7895995505210608 0.11518734957750269 0.12169703553796979
3 0.49704598131392674 0.8538062996200979 0.11613269090127339 0.12245343346027199
3 0.602042720390793 0.9222739708016635 0.11586490055808894 0.12576950407605977
3 0.9335530746925828 0.3928773791942997 0.1118049065431316 0.11965725036153813
3 0.8282923762845945 0.3271339447859839 0.11344265543583788 0.12061485093870421
3 0.7216616285954793 0.26105543707103895 0.11079156949085472 0.11902850507331017
3 0.6191069849690514 0.1928558797524312 0.11288079849112201 0.12344133609194564
3 0.512386008846767 0.12814500190275052 0.1110129582842184 0.12018259692209639
3 0.4099156430368501 0.05946179270879628 0.10620665143516994 0.11489128187404304
0 0.42881206473412836 0.952815199717761 0.10528599574706889 0.09436960056447702
0 0.10523299395130468 0.7685884556852801 0.12829779362297555 0.13704047275670547
0 0.8891590938617512 0.22857426135237066 0.12763709063079318 0.1382112069766091
0 0.5817849631306263 0.03719546090368213 0.10558021486110036 0.07439092180736431
2 0.9752873563218389 0.3017241379310345 0.04942528735632194 0.06781609195402297
4 0.21249826586151557 0.83763957155077 0.151149759353395 0.1536587479921789
4 0.6822241061745135 0.09598541290311768 0.14370495154100327 0.14333840510941245
