3 0.07878985035784057 0.8368792019084778 0.1194828515539709 0.11432134097561458
3 0.10977011494252917 0.7137931034482754 0.11213325285718469 0.10647587986820582
3 0.14231514500358292 0.5944593231106567 0.11167707429894362 0.10849903401808206
3 0.17604641075688648 0.47492951637388825 0.11597905151539821 0.11230527571374153
3 0.4488222649313848 0.42239559865006276 0.11356923715826284 0.09418674244843814
3 0.2402141275004609 0.2321570841130481 0.1177550837251965 0.11047762870064051
3 0.2706896551724143 0.11321839080459743 0.11179230799296086 0.09595260489295394
3 0.303426915734949 0.012133773170422224 0.11060288120911921 0.024027690261840214
3 0.6896864391638375 0.48367428979810567 0.11788306118611246 0.09309790071718738
3 0.8431034482758625 0.3954022988505737 0.11024247673762531 0.10268234783136024
3 0.7792344278788988 0.6312198542638502 0.11619623349218386 0.1029279025600185
3 0.7475125145958146 0.7558840815588393 0.11088020611565469 0.09550183529627873
3 0.7149913485016208 0.8789086635010024 0.11071120958113 0.09912221636755959
3 0.6862083752928037 0.9787090070726043 0.10806785586273747 0.04258198585479164
3 0.8757778401418931 0.2739232966118018 0.11213137796877135 0.10134557208214126
3 0.9069899577627127 0.15257593484384663 0.11923526208737684 0.1002750402506351
1 0.9355440121335993 0.5515426325153888 0.12722208994368514 0.12421860533179874
1 0.09433203841938458 0.322941140864587 0.13182573096029856 0.13558849286611216
