3 0.08918346464749824 0.6429161976875066 0.10528310317741273 0.11938397527986525
3 0.4197894898786044 0.5204495506520366 0.10825502257446658 0.12291916208397283
3 0.4718390804597699 0.40747126436781556 0.09925248997649348 0.10905215804262895
3 0.8047398480920583 0.2923230396664517 0.11017785143653355 0.12350853273584562
3 0.9218188204392054 0.3459324190871795 0.11529566035804606 0.12169103431265657
3 0.4692539534301802 0.12985712987746162 0.1089211211016704 0.11596526716299115
3 0.35440833613308587 0.07721562159575662 0.1072337857328817 0.11743653801087844
3 0.24885057471264346 0.032758620689655155 0.08620689655172402 0.06551724137931031
3 0.19889723759168398 0.6952322821816027 0.1086774916657516 0.11635146365705644
3 0.4821839080459787 0.6873563218390799 0.11549238091292552 0.11925134913925177
3 0.5377900012552231 0.853050997901985 0.1082742384212797 0.11943213378417511
3 0.6519590103094702 0.907817520247821 0.1054970048041988 0.11977590641052871
3 0.774132392556097 0.9558401910541907 0.0806737888449888 0.08831961789162023
1 0.36719252198934554 0.9194621149822961 0.14172730020169128 0.15005804218518562
1 0.7435388673565467 0.1296895469375504 0.13290907109160457 0.1395198261604161
