0 0.08467418441844891 0.2750055001755481 0.13588555028526234 0.1407797901546809
0 0.37676211969409334 0.05213203105726873 0.11261800671533194 0.10378060386140461
1 0.2743251043058084 0.12068388330942209 0.14698301592329296 0.14850516363565303
3 0.1643096152910843 0.3747826791822706 0.120190205973565 0.1231310619175585
3 0.06404761885536167 0.45407619121814463 0.12809523771072365 0.13101537801045113
3 0.355620970002804 0.22010092514718316 0.13180121882124482 0.13243971072201702
3 0.45862068965517266 0.14252873563218446 0.13770819015786245 0.13649845495881835
3 0.5564651166071738 0.06303140626341083 0.12248673389158071 0.12606281252682172
3 0.8431034482758618 0.6339080459770104 0.12456036593212304 0.12456036593212318
3 0.6490523717265976 0.7868778677593917 0.1135301835164924 0.11588712276280148
3 0.5543894479770334 0.8644624225331247 0.11891123286513078 0.12324823880614418
3 0.45619809547278073 0.9395081722439025 0.11733837758984933 0.12098365551219616
3 0.940203269822677 0.558362169949777 0.11959346035464506 0.12341410122657379
0 0.9204374612441194 0.7254174409039341 0.14979819771071845 0.15273119562631138
0 0.6324605352602921 0.9557889206343876 0.10063600415363566 0.08842215873122398
4 0.7244527107176184 0.881589163389776 0.15020544049944334 0.15143709966055383
4 0.41489775310659993 0.4894373854986863 0.15251868576847655 0.1519102044747949
1 0.8206808134394333 0.806392572944298 0.14628280987387485 0.14936637203985442
2 0.23448275862068887 0.4706896551724143 0.13827899416853917 0.1402841850752007
2 0.46658047763014177 0.7680469817820813 0.14353531955461477 0.14490430143080857
