3 0.06666666666666667 0.8212643678160919 0.0850574712643678 0.09310344827586198
3 0.18908045977011476 0.8212643678160916 0.07701149425287351 0.09540229885057407
3 0.3137931034482758 0.8212643678160919 0.0850574712643678 0.09310344827586192
3 0.6890804597701148 0.8195402298850573 0.07241379310344825 0.09425287356321846
3 0.8126436781609194 0.8160919540229884 0.08045977011494258 0.09655172413793096
3 0.923442668909448 0.81857022708158 0.04877028118988676 0.10266880423335323
3 0.43850574712643664 0.568390804597701 0.07011494252873537 0.09770114942528728
3 0.5620689655172413 0.5701149425287356 0.07126436781609194 0.09195402298850575
3 0.5637931034482757 0.3172413793103448 0.07241379310344818 0.09655172413793103
3 0.6867816091954022 0.19482758620689652 0.06781609195402297 0.10229885057471261
3 0.8126436781609194 0.19425287356321835 0.07356321839080451 0.09655172413793102
3 0.936206896551724 0.19137931034482755 0.07471264367816105 0.09540229885057468
3 0.4333333333333333 0.19367816091954018 0.08735632183908044 0.09770114942528733
3 0.3143678160919541 0.19425287356321838 0.07701149425287378 0.09655172413793102
3 0.18735632183908046 0.19367816091954018 0.08735632183908042 0.09540229885057469
3 0.08076883644895994 0.19363962937105847 0.06788466587064478 0.10473879543269383
1 0.564367816091954 0.9379310344827584 0.10114942528735632 0.10114942528735639
1 0.5613619346314969 0.06445029379604461 0.1113153938659336 0.11567340627787706
