1 0.2852936545425926 0.8861517871201374 0.13330555582091544 0.1390470100258338
1 0.5990268159673401 0.07180114066396012 0.13538025230765185 0.14360228132792024
3 0.7247126436781606 0.7902298850574716 0.11850810422780768 0.12419188983413591
3 0.5350574712643683 0.5873563218390798 0.10718464645192122 0.11598317992999832
3 0.693103448275863 0.5143678160919543 0.11029995541566244 0.11632627748307485
3 0.8995270228949512 0.3226276726335046 0.10280074328516861 0.11739360713834653
3 0.4345178602769348 0.14484113421456843 0.10571878004538135 0.12258501360918435
3 0.3152925987717591 0.10403709048480334 0.10881397492309439 0.11885769625308264
3 0.19770114942528744 0.0591954022988502 0.10318494268203139 0.11751618472120312
3 0.21146072549682932 0.7279235575810435 0.10025511315576771 0.11543296045375855
3 0.09329412068415063 0.6898082987769265 0.10622077035577174 0.11601588065183364
