3 0.060344827586206885 0.8201149425287355 0.08620689655172413 0.09770114942528735
3 0.1896551724137931 0.8206896551724137 0.08505747126436784 0.08735632183908053
3 0.31206896551724134 0.8195402298850573 0.08390804597701151 0.09425287356321846
3 0.4385057471264365 0.8201149425287353 0.07471264367816095 0.08850574712643663
3 0.6902298850574712 0.8178160919540229 0.0770114942528734 0.09770114942528735
3 0.8132183908045977 0.8183908045977006 0.07701149425287349 0.09885057471264357
3 0.9385057471264366 0.814942528735632 0.07701149425287357 0.09885057471264373
3 0.560919540229885 0.5655172413793103 0.08045977011494251 0.10114942528735639
3 0.5603448275862069 0.3206896551724137 0.08620689655172406 0.09885057471264361
3 0.6873563218390806 0.1908045977011494 0.06666666666666689 0.09885057471264364
3 0.8120689655172408 0.19425287356321838 0.07471264367816075 0.09885057471264375
3 0.936206896551724 0.19482758620689652 0.07471264367816105 0.09770114942528733
3 0.43735632183908035 0.19540229885057467 0.0793103448275862 0.09655172413793103
3 0.3137931034482758 0.19712643678160915 0.07816091954022987 0.09310344827586205
3 0.1890804597701149 0.19367816091954013 0.0747126436781609 0.09540229885057462
3 0.06264367816091954 0.19540229885057467 0.07701149425287354 0.1011494252873563
1 0.5626436781609194 0.9350574712643678 0.1 0.11379310344827587
1 0.5655172413793103 0.05977011494252873 0.1034482758620689 0.11494252873563215
