3 0.1586907765629383 0.6414353798710399 0.12166568781440688 0.12512070926343008
3 0.06081778914601523 0.567374098115393 0.11675810649691978 0.1211006896212038
3 0.2613858357132568 0.7158580859484229 0.12327166556501996 0.12652912667485225
3 0.4574712643678168 0.8683908045977016 0.11884186438017678 0.12147495959526651
3 0.5569592932791255 0.9398193536304134 0.11554662543177344 0.12036129273917283
3 0.9344910041392503 0.4420150398258547 0.11585936414392578 0.12127018586070917
3 0.8335612148735185 0.3678696674903344 0.11608575012590734 0.12269574405313677
3 0.7336504688311285 0.28891094753774504 0.12057400420541625 0.12551430586490922
3 0.42943305112645086 0.06690759000955972 0.12232723589298175 0.12523094592530226
0 0.0911943516458857 0.7382817993526447 0.13758674280693026 0.14113783984504663
0 0.381077801123558 0.959646117742322 0.10510792153382986 0.08070776451535806
0 0.9120764568126822 0.26291255052553025 0.14150472296676553 0.14336136867722238
0 0.6092781881733544 0.049724255641960535 0.10138403167812599 0.0994485112839187
2 0.75919540229885 0.4609195402298844 0.1381975099649827 0.13989030499183144
2 0.459545699757814 0.23718343903011424 0.1361132619634732 0.1382447914546612
2 0.5337132092433221 0.13953709095197858 0.1352153078028136 0.1382349759710046
1 0.8139054697397999 0.18603192416686942 0.14689508554702513 0.1501635262107015
1 0.2892562096811222 0.8901207382509924 0.14486879810900338 0.1459223186999955
4 0.18596065517185487 0.8130317135587123 0.14383044439042386 0.1455879018281931
