3 0.05804597701149425 0.8178160919540229 0.07931034482758621 0.09770114942528735
3 0.1850574712643678 0.821264367816092 0.07586206896551728 0.09080459770114942
3 0.3126436781609195 0.82183908045977 0.06666666666666668 0.09195402298850568
3 0.4362068965517242 0.8201149425287355 0.07241379310344834 0.08620689655172427
3 0.6844827586206895 0.8189655172413791 0.07241379310344825 0.09310344827586206
3 0.8120689655172413 0.8201149425287355 0.07701149425287354 0.0954022988505747
3 0.9379310344827584 0.8212643678160919 0.0758620689655173 0.0954022988505747
5 0.06149425287356322 0.9425287356321838 0.0954022988505747 0.09425287356321846
5 0.9350574712643678 0.936206896551724 0.09310344827586192 0.10459770114942529
5 0.9390804597701148 0.06494252873563218 0.08735632183908053 0.10689655172413794
5 0.06264367816091954 0.06666666666666667 0.08160919540229884 0.10344827586206896
0 0.31091954022988505 0.9356321839080459 0.09080459770114942 0.11264367816091962
0 0.6873563218390804 0.9385057471264366 0.08965517241379302 0.10459770114942529
0 0.6879310344827586 0.06149425287356322 0.08620689655172413 0.10459770114942529
0 0.3126436781609195 0.06264367816091954 0.08505747126436777 0.10689655172413794
4 0.4333333333333333 0.9413793103448274 0.10574712643678161 0.10804597701149433
3 0.0660919540229885 0.19310344827586204 0.07241379310344827 0.09425287356321838
3 0.1850574712643678 0.19367816091954018 0.08045977011494253 0.10229885057471262
3 0.31149425287356325 0.19540229885057467 0.06896551724137928 0.09655172413793102
3 0.5620689655172413 0.19540229885057467 0.07816091954022987 0.09655172413793103
3 0.6867816091954023 0.19482758620689652 0.0747126436781609 0.0954022988505747
3 0.8132183908045977 0.19310344827586204 0.0747126436781609 0.1011494252873563
3 0.9367816091954022 0.19137931034482755 0.07816091954022994 0.10459770114942525
1 0.5597701149425286 0.9379310344827584 0.10114942528735625 0.11034482758620684
1 0.5626436781609195 0.06379310344827585 0.1045977011494253 0.11149425287356321
2 0.43735632183908035 0.43793103448275855 0.10689655172413787 0.11264367816091948
2 0.8103448275862067 0.936206896551724 0.09885057471264375 0.10919540229885052
2 0.6856321839080459 0.3137931034482758 0.09080459770114956 0.10344827586206896
2 0.31034482758620685 0.3172413793103448 0.10114942528735625 0.11034482758620691
