3 0.08678160919540229 0.8195402298850573 0.056321839080459776 0.07126436781609201
3 0.1839080459770115 0.8212643678160919 0.0574712643678161 0.07241379310344825
3 0.28390804597701147 0.8321839080459769 0.05747126436781606 0.07356321839080465
3 0.5913793103448275 0.8459770114942531 0.058620689655172115 0.07356321839080472
3 0.6948275862068966 0.85287356321839 0.06044986123029005 0.07667358571496323
3 0.8010734546889651 0.8594455132948547 0.06644620116287882 0.07875176793601525
3 0.510344827586207 0.647126436781609 0.06630791978751048 0.08440672084426602
3 0.40479629211449875 0.639653811104759 0.07099425679975781 0.08878242420579951
3 0.5270114942528743 0.4344827586206889 0.06768100515237392 0.09847471617909363
3 0.6551724137931036 0.3264367816091952 0.07538782142718958 0.10235291504962901
3 0.771839080459769 0.3310344827586201 0.08537392847655526 0.10245615740887434
3 0.8898787548001011 0.3345164161842194 0.07879993636478133 0.10283710881994419
3 0.4270114942528735 0.3212643678160919 0.06321839080459768 0.09080459770114946
3 0.3160919540229885 0.3166666666666666 0.064367816091954 0.09540229885057463
3 0.20344827586206893 0.31034482758620685 0.07356321839080458 0.08735632183908049
3 0.0936781609195402 0.30862068965517236 0.07011494252873561 0.09080459770114942
1 0.48045977011494245 0.9281609195402296 0.07816091954022987 0.08390804597701149
1 0.5551724137931034 0.19942528735632184 0.10114942528735625 0.1091954022988506
