3 0.28817060092364216 0.7085778621350148 0.09195787229976644 0.08550091319756974
3 0.4980151199567996 0.5697917148808146 0.0745610034166448 0.08019241453296758
3 0.7160919540229875 0.7034482758620692 0.08375128760100523 0.07631943272856091
3 0.8126436781609196 0.6793103448275858 0.08400191589935133 0.08023227261460192
3 0.9103448275862058 0.6597701149425292 0.07378581747163651 0.08313412767949956
3 0.3774997463799315 0.32194734273163206 0.08415992499644404 0.08250699164603134
3 0.2706896551724135 0.3408045977011496 0.0893502269777317 0.0835760826452119
3 0.1591954022988503 0.3603448275862071 0.09040535164838893 0.08477322447802742
3 0.6879310344827594 0.2683908045977013 0.07886007089680704 0.07690304710650914
3 0.7836142428412599 0.2515284626203383 0.06703917762372612 0.07513238921698907
3 0.8775553502186174 0.2343947356898192 0.07260592705292992 0.07614809572709696
1 0.6155172413793097 0.8149425287356334 0.10220442662298183 0.093592769155685
1 0.5787356321839077 0.19540229885057492 0.08848915923293689 0.08551781211977943
