3 0.23735632183908045 0.9620689655172413 0.07931034482758623 0.07586206896551725
3 0.34579637631718524 0.9170828333843093 0.098530598774588 0.11510968430149546
3 0.45677637548104355 0.8678718643541332 0.10899324683054658 0.12013333821058012
3 0.574109594317249 0.8160358308160425 0.10207945340520481 0.11506226566741504
3 0.8007627088879663 0.7169161029589103 0.10091168311249589 0.11179553841639261
3 0.916013932798591 0.6628391901702884 0.10455154399443047 0.11584854546104709
3 0.7821852146384672 0.050039889966052076 0.0828748344429107 0.10007977993210407
3 0.6582911376248807 0.09334647030290746 0.12339389595948638 0.12483442175508451
3 0.5458457630216504 0.1426446023013157 0.11367691284557097 0.12337346941775312
3 0.43339589764533415 0.19731614209239795 0.10372611672091693 0.11601008250580457
3 0.20297338475455862 0.2988046042683562 0.10481540253295028 0.11670890429448764
3 0.09104751747837365 0.3469546154757681 0.10888947659860743 0.11922010106737407
2 0.955908952392038 0.778629029468751 0.0868445119647123 0.11058741512340617
2 0.24882966802413387 0.40666381873626134 0.1281502460590521 0.13724628866067945
2 0.4141502328928543 0.47006170552612675 0.1270517582240194 0.13832299874889217
2 0.5910516567315522 0.25587402627090333 0.13569631955800035 0.13841845855698
0 0.8505745295966851 0.8228172469805493 0.1289999401890276 0.1350099409259579
0 0.5166125712105063 0.9645323959559933 0.08230931141065795 0.07093520808801287
0 0.15097006474025906 0.179062912020627 0.11447428897492522 0.1295999813131913
0 0.49942125878196364 0.04119797777931045 0.09138799573000654 0.08239595555861846
1 0.7330275545271118 0.8735931764495213 0.13341486605273786 0.13844307872480185
1 0.3756229544754362 0.07512848375632822 0.13367763583336045 0.14075036881272052
4 0.6232905445087681 0.925606175014684 0.13434094740161753 0.13863660978940204
