3 0.13313670838975664 0.736626428852406 0.09708840450681691 0.11292346451220822
3 0.30754547048825814 0.517540395927666 0.0878143302242647 0.10556300589818093
3 0.4525401821910624 0.4170544188486665 0.09602568651796205 0.11231282252358127
3 0.23232702722489726 0.24532475370164789 0.08588443245026099 0.10897273529554717
3 0.7451932770492529 0.22247490376044596 0.0894894718026515 0.10307347561914028
3 0.867008091557478 0.2465576499710964 0.0929789188808877 0.1142564599785377
3 0.6225157822410943 0.8379301921897577 0.09511570279401049 0.1111914080452334
3 0.7454373296540533 0.8594461226946111 0.09382697554418584 0.11760609924019177
3 0.871745215454279 0.8622009551048762 0.09489795247426044 0.09169092103542596
1 0.473361741099061 0.9372310138991194 0.12385497475772582 0.12553797220176194
1 0.6498411386992535 0.08315330985200915 0.1182984307834036 0.1313725534311024
