3 0.18678160919540227 0.6925287356321834 0.08390804597701151 0.10459770114942543
3 0.4385057471264367 0.5695402298850574 0.07701149425287344 0.09540229885057457
3 0.3155172413793102 0.4448275862068966 0.07931034482758618 0.09425287356321835
3 0.1850574712643678 0.19310344827586207 0.08735632183908047 0.09885057471264364
3 0.06149425287356321 0.19367816091954018 0.08160919540229884 0.09999999999999996
3 0.6850574712643678 0.19655172413793098 0.08735632183908038 0.09195402298850572
3 0.8137931034482757 0.19482758620689652 0.08275862068965498 0.0954022988505747
3 0.9379310344827583 0.19367816091954018 0.08275862068965473 0.0977011494252873
3 0.9356321839080458 0.8178160919540229 0.07356321839080465 0.09999999999999985
3 0.8132183908045977 0.8206896551724137 0.0747126436781609 0.0965517241379311
3 0.6879310344827586 0.8206896551724141 0.07701149425287378 0.09655172413793109
1 0.5626436781609194 0.9362068965517242 0.0954022988505747 0.10689655172413794
1 0.5637931034482757 0.06264367816091952 0.10919540229885051 0.11379310344827584
