3 0.11666666666666703 0.722988505747125 0.1016378834124641 0.12447321775226584
3 0.013324982752708754 0.6971241532526798 0.026649965505412522 0.11542542358545141
3 0.23398395142051648 0.7592170895684227 0.0981667584091666 0.11622823824115301
3 0.5421039088501579 0.5832143640880012 0.10288980875959951 0.11782436341208154
3 0.35642266837082415 0.7865064120559208 0.08846123349345177 0.10434415166587215
3 0.597826810794077 0.8529908573990221 0.09566680368272806 0.11202840997049691
3 0.7198865581145187 0.8891856734094449 0.10296586660147725 0.11946346482534011
3 0.8384099060289742 0.9229190459970473 0.09708240664987386 0.11087989712495641
3 0.9799803772548885 0.3125758274426415 0.037856603558902295 0.10174572034471155
3 0.8797954664600988 0.2878602223734964 0.09777277862249434 0.10864331321751557
3 0.7629528058301392 0.25321401107155717 0.10175945296763189 0.11959818913052857
3 0.6111280944389251 0.3411854943891621 0.09832550514132393 0.1178952115331312
3 0.5200114102875512 0.18906164254163002 0.09889995406504219 0.12040681048122366
3 0.3973226220058783 0.154920289115067 0.10000624180177993 0.11634755477414145
3 0.2775862068965526 0.12413793103448231 0.10574412989001093 0.11932887722555265
3 0.1588381093186076 0.09323172587728798 0.10326723890454588 0.11780720665047731
1 0.4487915266708973 0.9354011077016547 0.12817857090997223 0.12919778459669062
1 0.6738437108581603 0.09313521078539665 0.13033914248639583 0.1323833162827529
