3 0.06264367816091954 0.8206896551724137 0.08390804597701149 0.0965517241379311
3 0.1902298850574713 0.8189655172413794 0.07701149425287358 0.0954022988505747
3 0.31034482758620685 0.8160919540229884 0.07586206896551723 0.10574712643678154
3 0.4385057471264367 0.8201149425287355 0.07241379310344825 0.09310344827586206
3 0.8120689655172413 0.8195402298850573 0.06781609195402297 0.09425287356321846
3 0.9344827586206895 0.8160919540229884 0.07816091954022994 0.1034482758620689
3 0.936206896551724 0.19252873563218387 0.07471264367816105 0.09999999999999998
3 0.8155172413793096 0.19597701149425276 0.07471264367816075 0.093103448275862
3 0.6873563218390804 0.19482758620689652 0.07816091954022994 0.09310344827586203
3 0.5626436781609194 0.19540229885057467 0.07701149425287354 0.09655172413793103
3 0.1867816091954023 0.19540229885057467 0.07471264367816093 0.09195402298850572
3 0.06206896551724137 0.19540229885057467 0.07586206896551724 0.09885057471264366
5 0.062068965517241385 0.9396551724137936 0.08045977011494256 0.0977011494252874
5 0.936206896551724 0.939655172413793 0.09080459770114942 0.10689655172413794
5 0.936206896551724 0.06551724137931034 0.08620689655172413 0.10804597701149424
2 0.8080459770114942 0.936781609195402 0.09195402298850568 0.11264367816091962
2 0.31149425287356314 0.3155172413793103 0.09885057471264361 0.10689655172413794
2 0.06149425287356322 0.06321839080459771 0.0954022988505747 0.10344827586206896
0 0.31264367816091954 0.939655172413793 0.08275862068965516 0.10459770114942543
0 0.6862068965517242 0.9390804597701148 0.08735632183908038 0.10804597701149418
0 0.5620689655172413 0.5649425287356321 0.09655172413793096 0.10919540229885058
0 0.6856321839080459 0.06149425287356321 0.09310344827586206 0.11379310344827585
1 0.5597701149425286 0.9379310344827584 0.10114942528735625 0.11034482758620684
1 0.43965517241379304 0.060344827586206885 0.10229885057471265 0.10919540229885057
4 0.43678160919540227 0.9385057471264366 0.09885057471264361 0.10229885057471279
