3 0.18448275862068958 0.6063218390804596 0.05862068965517236 0.09080459770114939
3 0.2839080459770114 0.6114942528735632 0.062068965517241385 0.07816091954022993
3 0.37758620689655165 0.6132183908045977 0.06781609195402297 0.08160919540229891
3 0.6649425287356321 0.6241379310344827 0.07471264367816083 0.08045977011494251
3 0.7580459770114942 0.6316091954022988 0.07011494252873561 0.0793103448275862
3 0.8597701149425285 0.6293103448275861 0.06206896551724142 0.08390804597701149
3 0.4597701149425284 0.413793103448276 0.05287356321839074 0.07356321839080468
3 0.4528735632183907 0.31666666666666665 0.05977011494252871 0.067816091954023
3 0.5333333333333333 0.2293103448275862 0.057471264367815994 0.07701149425287354
3 0.6155172413793102 0.1454022988505747 0.06321839080459761 0.06091954022988505
3 0.6982758620689654 0.14540229885057468 0.06551724137931046 0.0701149425287356
3 0.7844827586206895 0.15172413793103445 0.06551724137931018 0.06666666666666662
3 0.35517241379310344 0.13678160919540228 0.059770114942528776 0.06666666666666667
3 0.2706896551724137 0.13678160919540228 0.05402298850574713 0.06666666666666667
3 0.1844827586206896 0.13390804597701148 0.056321839080459776 0.07011494252873562
1 0.5741379310344827 0.7224137931034481 0.08620689655172406 0.1
1 0.5166666666666666 0.05402298850574713 0.07241379310344832 0.08275862068965517
