3 0.28415336167532657 0.890158085340891 0.11345423759977635 0.09428783190826323
3 0.248222487906939 0.7745919672394471 0.10388928674125804 0.08378329930507959
3 0.17333060615540075 0.5313954327790738 0.11521560660766923 0.09003906765058772
3 0.13702656868287072 0.4162709628792166 0.10886034315820182 0.08347517920992586
3 0.10379705781094004 0.2957349922217229 0.10861055961960514 0.0825257219195948
3 0.7018311011453838 0.11338737046239654 0.11794043440196049 0.09455209395972088
3 0.8104066480273352 0.47022149735942986 0.11728361022963725 0.0963764113838777
3 0.8456300151810874 0.5924636738234662 0.10900516918526222 0.090218965153786
3 0.8826799255973673 0.7116301807602433 0.1057743574801907 0.08329385410417416
2 0.7277391120953287 0.6265633238426662 0.1312884431128512 0.1136920280142138
2 0.6204855022871604 0.26886162559148785 0.13387810964359828 0.11338988621465144
2 0.7435429344151444 0.22934415145368545 0.12736546619744957 0.11470785008385363
0 0.13195104583424683 0.8101025638347141 0.12162187589582919 0.10170959148995422
0 0.03793103448275861 0.45402298850574724 0.07586206896551721 0.0804597701149424
0 0.043103448275862065 0.4833333333333333 0.00804597701149425 0.019540229885057415
0 0.8613396382579563 0.1951327372491973 0.12614896475253176 0.10634376073142959
0 0.9546200795768881 0.5618564368809885 0.08994776863222227 0.08101614348985052
1 0.09693145307033163 0.6875450434040551 0.13124115564989058 0.1253598851352438
1 0.9329643276234814 0.43516068964474713 0.13378039563143204 0.12484619281486864
4 0.06098665084430663 0.5668105848512426 0.1218133516569495 0.11876079975585135
