3 0.18103448275862066 0.6850574712643678 0.08390804597701149 0.09195402298850582
3 0.301149425287357 0.8120689655172398 0.07438744646399123 0.09995523386232379
3 0.5525630312058252 0.695740207094347 0.07457587104139052 0.09676233913220955
3 0.06541034516007907 0.42740666114729664 0.0733169284820644 0.0975662700560622
3 0.7983385442626931 0.8280151645596375 0.07609517218659136 0.10157446803653698
3 0.9236547445795708 0.8320563670903269 0.07541456279496345 0.10375984963743776
3 0.9338389766670909 0.5861317883950339 0.07419337816364745 0.10179725313035526
3 0.5693581265645262 0.32086088665291357 0.07746524410741884 0.09883624567654578
3 0.8239140414673628 0.20785510608687022 0.08004766838299034 0.09958835959063031
3 0.31895796884811384 0.3140916978986603 0.07537906107763202 0.0967839310267221
3 0.20125906277630448 0.1819345711759503 0.07674734396062281 0.1003692695813555
3 0.07418916808336493 0.1781895343833176 0.07698907658080792 0.1017406532146305
1 0.5435087615546255 0.9372297651374378 0.10810830730526738 0.11377725626549363
1 0.5781609195402301 0.06494252873563204 0.11027395599721529 0.1157781330583759
