3 0.5689655172413799 0.4362068965517233 0.09715262966082207 0.10635140641095432
3 0.47183908045977047 0.17298850574712613 0.09657541047021709 0.10878589853249487
3 0.348850574712645 0.15804597701149337 0.08755213016797062 0.10426383501406952
3 0.220689655172414 0.14770114942528725 0.08569990841221099 0.11363696172941587
3 0.10085459129171565 0.13214545143784942 0.09784552089029022 0.10801944455637806
3 0.7221435975771041 0.20218383689711752 0.08686036032687156 0.1014368599427378
3 0.8448275862068965 0.20747126436781602 0.08487416984066329 0.10452028859487134
3 0.962505254308535 0.22906973373338466 0.07203514637951741 0.10144347829565664
1 0.5169253512118379 0.9381320484863589 0.11286979397197826 0.12203753146673221
1 0.6068623439777933 0.06873074407699684 0.1095405896591226 0.12196568195311272
3 0.9022988505747136 0.8459770114942521 0.09641630292585318 0.10886173075159519
3 0.7771818043068899 0.8371935398710113 0.08908784576721274 0.10571463672626208
3 0.6528735632183933 0.8252873563218384 0.08838495751126971 0.10671775645542994
3 0.5270114942528746 0.806896551724136 0.08693971080589108 0.10057565768170179
3 0.40632183908046016 0.7959770114942525 0.09906250102439948 0.1092093396914612
3 0.2810344827586208 0.7793103448275864 0.09680334384455741 0.11419064426163487
3 0.1609195402298864 0.7689655172413804 0.0819371547120381 0.10836104053695067
3 0.03666896108773216 0.7523582710482402 0.0729538472688208 0.10552248284944056
