3 0.4093721344022675 0.9385573363595402 0.10729920343510373 0.1144777550410464
3 0.2977011494252874 0.9804597701149415 0.059770114942528846 0.039080459770115115
3 0.5125833014708578 0.8708705692258182 0.10521559453162808 0.11392097567895916
3 0.6168291992698769 0.8042775411637639 0.10756860816194738 0.11661015755765647
3 0.9349234709070341 0.5993597760705126 0.10486036688048131 0.11444248197167639
3 0.07326398291445513 0.410873471250743 0.10734948154639685 0.11770576517581333
3 0.38975582387476365 0.20673475566508465 0.11607955187607587 0.12180862332684982
3 0.49400286594103476 0.14284429403335422 0.11154549760608014 0.1188995335529237
3 0.5996823484340696 0.07169110186745434 0.10900430102211871 0.11710205778211023
3 0.7171128252382435 0.03157911168176378 0.07770775780627844 0.06315822336352755
2 0.9775862068965517 0.7149425287356318 0.04482758620689666 0.10344827586206887
2 0.24193285349139873 0.4465532922488285 0.13135553431926206 0.13603642719122233
0 0.5903405060044782 0.9627918759307375 0.09146545086056052 0.074416248138524
0 0.5874630372356836 0.5179800808473941 0.1349524040474075 0.14243461770866872
0 0.8930661023278971 0.7689074235445438 0.13336355109355366 0.14124373628446904
0 0.4241128715490066 0.04914776796661562 0.11905579743400203 0.09829553593323119
1 0.7870330477607728 0.8357425485995635 0.1374931478474798 0.1423384788476062
1 0.21060763000314067 0.16461934351794072 0.1420569079183751 0.1467569770976269
4 0.6841946462788709 0.9043682834497602 0.14342434840894072 0.14570196723270215
