2 0.8109195402298849 0.9379310344827584 0.0954022988505747 0.11034482758620684
2 0.4356321839080459 0.43908045977011484 0.09885057471264368 0.10574712643678161
2 0.3137931034482758 0.3155172413793103 0.10114942528735625 0.10689655172413794
2 0.8103448275862067 0.062068965517241365 0.08735632183908011 0.11034482758620687
0 0.3132183908045977 0.9379310344827584 0.08850574712643677 0.11034482758620684
0 0.6856321839080459 0.9373563218390804 0.08620689655172432 0.1045977011494252
0 0.6873563218390804 0.06379310344827586 0.08505747126436775 0.10919540229885058
1 0.5614942528735631 0.9367816091954022 0.10459770114942522 0.10804597701149418
1 0.560919540229885 0.06494252873563217 0.09885057471264354 0.1114942528735632
0 0.3120689655172413 0.06551724137931034 0.09080459770114933 0.10804597701149424
4 0.43448275862068964 0.9385057471264366 0.10574712643678154 0.10919540229885058
5 0.06264367816091954 0.9413793103448275 0.08390804597701149 0.09885057471264361
5 0.936206896551724 0.9402298850574712 0.08620689655172413 0.09885057471264375
5 0.9373563218390802 0.06436781609195402 0.08390804597701149 0.10114942528735632
5 0.06206896551724137 0.06724137931034481 0.0896551724137931 0.09999999999999998
3 0.06034482758620689 0.8178160919540229 0.07931034482758621 0.10229885057471265
3 0.1844827586206896 0.8224137931034475 0.07471264367816094 0.093103448275862
3 0.30919540229885056 0.8195402298850573 0.08045977011494251 0.09655172413793096
3 0.43850574712643675 0.8189655172413792 0.06781609195402304 0.0954022988505747
3 0.6890804597701148 0.8183908045977012 0.0747126436781609 0.10114942528735625
3 0.8132183908045976 0.8206896551724137 0.0747126436781608 0.09195402298850568
3 0.9367816091954023 0.8189655172413792 0.07356321839080479 0.09770114942528721
3 0.9367816091954022 0.19482758620689652 0.06896551724137936 0.0954022988505747
3 0.8126436781609194 0.19482758620689652 0.07356321839080451 0.09999999999999998
3 0.686206896551724 0.19310344827586207 0.07126436781609186 0.09885057471264364
3 0.5649425287356321 0.19310344827586204 0.08160919540229884 0.1011494252873563
3 0.31206896551724134 0.19367816091954018 0.08850574712643677 0.09540229885057469
3 0.1896551724137931 0.19310344827586204 0.07816091954022988 0.09425287356321838
3 0.0660919540229885 0.19367816091954018 0.07931034482758621 0.0977011494252873
