3 0.06206896551724137 0.813793103448276 0.07586206896551725 0.10114942528735624
3 0.1862068965517241 0.8183908045977012 0.07126436781609191 0.09655172413793096
3 0.31149425287356325 0.8201149425287352 0.07356321839080462 0.0954022988505747
3 0.43735632183908035 0.8155172413793104 0.07471264367816083 0.0954022988505747
3 0.6873563218390804 0.8183908045977012 0.07586206896551716 0.09655172413793096
3 0.8114942528735632 0.8166666666666664 0.07586206896551737 0.09999999999999996
3 0.9356321839080448 0.8206896551724135 0.07586206896551721 0.0896551724137929
3 0.9379310344827584 0.19252873563218387 0.07126436781609201 0.09999999999999998
3 0.8132183908045976 0.19770114942528733 0.07241379310344825 0.09195402298850575
3 0.6867816091954022 0.1954022988505747 0.08620689655172409 0.09655172413793098
3 0.5603448275862069 0.19482758620689652 0.07701149425287362 0.09770114942528733
3 0.3137931034482758 0.19540229885057467 0.07586206896551725 0.09655172413793103
3 0.18735632183908046 0.19540229885057467 0.08275862068965517 0.09655172413793103
3 0.06149425287356318 0.19310344827586196 0.07471264367816086 0.09425287356321838
5 0.06091954022988505 0.9402298850574712 0.08735632183908044 0.09885057471264375
5 0.9362068965517242 0.9402298850574711 0.09310344827586206 0.10574712643678169
5 0.9356321839080459 0.06551724137931034 0.08965517241379317 0.10344827586206895
5 0.06091954022988506 0.06781609195402298 0.10114942528735632 0.09655172413793103
2 0.8120689655172413 0.9379310344827584 0.09080459770114942 0.10804597701149433
2 0.4362068965517241 0.44022988505747124 0.09080459770114935 0.10574712643678154
2 0.314367816091954 0.3149425287356321 0.09080459770114942 0.10804597701149429
2 0.8114942528735631 0.06149425287356321 0.08735632183908038 0.10689655172413792
0 0.3155172413793103 0.9356321839080459 0.08390804597701151 0.10574712643678154
0 0.6885057471264366 0.9373563218390804 0.08275862068965523 0.10459770114942529
0 0.6873563218390804 0.06264367816091954 0.08505747126436773 0.11149425287356321
0 0.31091954022988505 0.06321839080459768 0.0931034482758621 0.11264367816091951
1 0.5614942528735631 0.9379310344827584 0.09770114942528728 0.11034482758620684
1 0.5620689655172413 0.06436781609195401 0.09885057471264368 0.11034482758620687
4 0.4367816091954022 0.9379310344827584 0.10804597701149427 0.11034482758620684
