3 0.08290345158628305 0.6866443449741901 0.06370431763808791 0.0832095219017225
3 0.17380804643518424 0.701586031481725 0.06672836127176271 0.08138820548919369
3 0.2652499545397994 0.7173959057107571 0.07373756775384024 0.09446075057338703
3 0.35805121429620085 0.737130126686742 0.06671815968845038 0.08167287986789205
3 0.4534159872341489 0.7516073254045429 0.07654949724968915 0.09642554017975556
3 0.549014730237382 0.7685006530315458 0.06763571998019828 0.08878660323135222
3 0.6429663493541459 0.7925870299457912 0.07406670908215468 0.08839533587453702
3 0.7423524791297509 0.8101947184447937 0.06625956725785925 0.08585538434931692
3 0.7834518749717461 0.3122603994013614 0.06720229189528737 0.08459680250412059
3 0.6845620175598494 0.2959856132395878 0.06930256992715556 0.08575904599898251
3 0.5925200620335778 0.28037789134409485 0.06992768812504224 0.08998902992099478
3 0.4977221980520182 0.26673524350354816 0.06534330717762828 0.0907124608648661
3 0.40418576838748166 0.25382698823998395 0.07197639873320157 0.08619526410372849
3 0.31084491341183507 0.23947222663580794 0.06985622940383067 0.08609485937466012
3 0.21867732580209265 0.2273411378854825 0.06875537985861797 0.08447011198845544
3 0.12813275680747346 0.21192275078141923 0.06874104176665438 0.08662929452876007
