3 0.29940618974315336 0.9810364434617093 0.07591951098666488 0.03703887718167692
3 0.409385114563127 0.9360091962750401 0.11131224997398974 0.11959222158268716
3 0.5144785221475106 0.869325459313485 0.11618272546810587 0.1201706315949454
3 0.834335998090922 0.6652320725450442 0.12054767707860606 0.12242611883123025
3 0.7270702180587331 0.7344457066955643 0.10944362266352414 0.11478153944142065
3 0.9348546315077759 0.5990872210953362 0.1102327736969093 0.11992529464628383
3 0.5986912545686986 0.07329385527716328 0.11611779473218398 0.12268737258912811
3 0.49462300713241253 0.14192239765189757 0.11677267893544481 0.12131633860941146
3 0.28491700020244276 0.27539454330565083 0.12032892520252211 0.1272776298721823
3 0.1781398934679005 0.3455915335015409 0.11453282817284624 0.11982118675913153
3 0.06990219708412333 0.41212863279450684 0.11543377381541926 0.12240418364081557
2 0.5226386101707561 0.4120564532407156 0.13460515155951014 0.14009572101381237
2 0.5594708204703972 0.2401717075926647 0.1380613311791646 0.13862335539539145
2 0.031191239795662195 0.3037622376153296 0.06238247959132428 0.1180136520087678
0 0.10436607060184779 0.233936931135446 0.13113058735903604 0.13987682349738967
0 0.42980625633132646 0.04784223698751793 0.10699234164385472 0.09568447397503536
1 0.2103409726103967 0.1667492273985993 0.13760239154970264 0.14335214169186578
1 0.6857567574423222 0.9021500119957335 0.15045464256376115 0.15043685421260022
0 0.8930706805775144 0.7678076664780628 0.14060550166420482 0.14445303380615726
0 0.5820937066503538 0.9620448330081665 0.10535583381337972 0.07520605978636581
4 0.7860845524601355 0.8359723543311113 0.13899420234943904 0.1408390939880317
