3 0.14803246551605645 0.6084520567103527 0.1201227711636912 0.1149262507859995
3 0.13495057693932974 0.4307586213594069 0.119201635632599 0.11577135303157789
3 0.3950673758627399 0.3220396318082924 0.12197282797072191 0.11732653276306265
3 0.46221208258079316 0.055900429907061545 0.11498752502639448 0.11180085981412347
3 0.7306861889679079 0.12040502798860489 0.12270688630628342 0.11831781614910543
3 0.9380372727965436 0.4632912190003918 0.12059243602711604 0.11672598659540696
3 0.675650350651532 0.5705281724494081 0.12630536388980573 0.1229960883809666
3 0.5121076632923881 0.7547758659447044 0.11996606003980297 0.11705479170430891
3 0.25372149990578435 0.86622385528547 0.11198934195388453 0.10956670673676996
3 0.5265526545100806 0.9367072503120162 0.12262359572490439 0.11977305894096218
1 0.8726508173118563 0.7378624269870361 0.1448873557567734 0.14207866557602586
1 0.21111930907741136 0.16717906470760352 0.14430213205504194 0.14337885182832324
