1 0.6946758205403681 0.8998093222068513 0.13397544340983777 0.13576326501501043
1 0.4193663297502576 0.06754675138678108 0.1348625771656363 0.1350935027735619
3 0.185806605841133 0.9418576167964957 0.106709340780833 0.11625677601120685
3 0.30625771444355576 0.9035993547174638 0.09633447704658142 0.10666407382941628
3 0.42097013142809636 0.862353164320795 0.10267472454462961 0.11853851472487492
3 0.7777083212188153 0.7461844120098465 0.11476940356296694 0.11870698897876593
3 0.8953573629054051 0.7063699416526373 0.09925302479779177 0.11429863711416771
3 0.5808614504920768 0.5454883122549635 0.11066420847105263 0.11870654417956672
3 0.461663715245879 0.5853877958424717 0.09774266705202095 0.11186647716671125
3 0.5022925571018647 0.30866884840392117 0.10269272940893359 0.11559850901588618
3 0.3436720253684836 0.23057136405609632 0.1018695330456562 0.1148883517666257
3 0.22759996246144873 0.2679776877023973 0.1033539905280706 0.11537989404828458
3 0.10735130782262452 0.30788514863520117 0.1075472920539117 0.11469643332942106
3 0.5809801243816057 0.1504097630858422 0.10051680489050256 0.11395525311493887
3 0.6995740728010488 0.11299315914807569 0.10340897338136613 0.11198111990292013
3 0.8173584148696105 0.072743792100472 0.1038807080657314 0.11787629649391515
