3 0.15402298850574725 0.6798850574712643 0.07332894003024311 0.09124869975013404
3 0.27068965517241417 0.6839080459770112 0.07896190129911901 0.08842277426583416
3 0.3793103448275861 0.6850574712643678 0.06385976087695312 0.09088550894797066
3 0.482288770723102 0.6890592236134349 0.07132579028048305 0.08224430653140899
3 0.6776128582557703 0.6989072942720073 0.05821019125047869 0.07721415951124129
3 0.765427394670048 0.7012284495520934 0.05929137488454316 0.07736228630342168
3 0.8534482758620682 0.7040229885057472 0.058620689655171934 0.06321839080459722
3 0.21803641917175112 0.2428340334284175 0.0683142742142633 0.0660550404916151
3 0.31605932049748026 0.25544435983900754 0.062142115485556676 0.06819646563836561
3 0.4113582726107833 0.2655312027846307 0.0666311851391771 0.0674462088223244
3 0.5828975832869779 0.28781242606955315 0.06396621102732482 0.0657108465818234
3 0.6660688677539599 0.3008039263147535 0.061889811218143506 0.06396742482266735
3 0.742546496248331 0.30835783253619503 0.0563957079615119 0.06088926264048031
3 0.8183908045977007 0.32068965517241294 0.060421806659922195 0.06457844141519108
5 0.13735632183908045 0.7856321839080459 0.0793103448275862 0.09080459770114956
5 0.22920817445719166 0.1678516708740177 0.07649732506026752 0.07441433205863027
5 0.8609195402298849 0.7948275862068965 0.06896551724137921 0.0747126436781609
5 0.8109195402298849 0.2534482758620689 0.05402298850574723 0.058620689655172364
2 0.7689655172413792 0.7908045977011494 0.07126436781609186 0.08275862068965509
2 0.4919540229885058 0.42873563218390826 0.06781539571618225 0.07217159301045101
2 0.4017241379310349 0.3402298850574708 0.07782142503817908 0.07883152254149646
2 0.6660919540229894 0.37011494252873484 0.06973311520128163 0.07511980247104404
0 0.37126436781609184 0.7862068965517239 0.07586206896551723 0.09195402298850582
0 0.6804597701149424 0.7913793103448274 0.07126436781609186 0.08160919540229884
0 0.6638660331026232 0.23144600127793374 0.06200763175913089 0.06583168633969998
0 0.41546946575612026 0.195912373886406 0.0786602609127037 0.07454152383206775
4 0.47931034482758617 0.7902298850574713 0.08275862068965516 0.09080459770114928
1 0.5827586206896551 0.7862068965517239 0.07816091954022987 0.09195402298850582
1 0.5825963255589339 0.22036305864481187 0.07372412048640825 0.07261875823935285
