3 0.1844827586206896 0.6925287356321838 0.0747126436781609 0.09540229885057457
3 0.06436781609195402 0.44597701149425284 0.07126436781609195 0.09195402298850568
3 0.31149425287356314 0.8195402298850573 0.08275862068965517 0.0988505747126433
3 0.5637931034482757 0.696551724137931 0.07241379310344818 0.0965517241379311
3 0.8126436781609194 0.8178160919540228 0.08275862068965507 0.093103448275862
3 0.9390804597701148 0.8189655172413791 0.07356321839080465 0.09310344827586206
3 0.9402298850574712 0.5712643678160919 0.07126436781609201 0.09655172413793103
3 0.3137931034482758 0.3195402298850574 0.07816091954022987 0.09655172413793096
3 0.5620689655172413 0.31839080459770114 0.07126436781609194 0.09425287356321839
3 0.8126436781609196 0.19367816091954018 0.07356321839080464 0.1022988505747126
3 0.18793103448275858 0.19482758620689652 0.07701149425287353 0.0954022988505747
3 0.06436781609195402 0.19310344827586204 0.07586206896551723 0.1011494252873563
1 0.5597701149425286 0.9356321839080459 0.10114942528735625 0.10804597701149433
1 0.5626436781609194 0.06551724137931034 0.1 0.10804597701149424
