3 0.06494252873563218 0.8189655172413792 0.07701149425287354 0.1
3 0.18735632183908046 0.8172413793103448 0.0735632183908046 0.09885057471264361
3 0.3132183908045977 0.8195402298850573 0.0724137931034483 0.09425287356321846
3 0.43850574712643675 0.8172413793103448 0.06781609195402304 0.09425287356321832
3 0.6862068965517238 0.8195402298850573 0.07126436781609184 0.09655172413793055
3 0.8114942528735631 0.8172413793103448 0.07586206896551716 0.09885057471264361
3 0.9367816091954022 0.8172413793103448 0.07126436781609186 0.09885057471264361
3 0.9385057471264366 0.19425287356321838 0.08620689655172413 0.10114942528735629
3 0.8114942528735631 0.1954022988505747 0.07586206896551716 0.09425287356321835
3 0.6873563218390806 0.19597701149425287 0.07586206896551714 0.09540229885057473
3 0.5632183908045977 0.19482758620689652 0.07126436781609194 0.09770114942528733
3 0.1862068965517241 0.19425287356321835 0.0804597701149425 0.09425287356321839
3 0.06321839080459768 0.19310344827586198 0.07586206896551723 0.1011494252873563
4 0.4344827586206895 0.9385057471264366 0.10344827586206883 0.10919540229885057
2 0.8091954022988505 0.9362068965517242 0.08965517241379302 0.10689655172413794
2 0.6867816091954022 0.31149425287356314 0.09770114942528721 0.11264367816091948
2 0.30862068965517236 0.31264367816091954 0.09770114942528735 0.11264367816091958
2 0.31034482758620685 0.18850574712643675 0.08965517241379302 0.11034482758620688
5 0.0632183908045977 0.9408045977011494 0.09195402298850575 0.09770114942528735
5 0.9390804597701148 0.9390804597701148 0.08505747126436773 0.10804597701149418
5 0.939655172413793 0.06666666666666667 0.09310344827586206 0.1057471264367816
5 0.06149425287356321 0.0660919540229885 0.08850574712643677 0.10689655172413792
0 0.31206896551724134 0.939655172413793 0.08160919540229884 0.10459770114942543
0 0.6885057471264366 0.9373563218390804 0.08275862068965523 0.10919540229885058
1 0.5632183908045977 0.9339080459770114 0.09885057471264368 0.10919540229885058
1 0.5609195402298851 0.06206896551724137 0.09885057471264355 0.1057471264367816
0 0.6839080459770114 0.060344827586206885 0.09195402298850568 0.11149425287356321
0 0.3126436781609195 0.06264367816091954 0.08505747126436777 0.10689655172413794
