3 0.2639257129552744 0.8781307913675626 0.11629473244865593 0.09610888863695578
3 0.23290924253961268 0.7575846839986946 0.11571918514930864 0.09345229772539312
3 0.17336577540607132 0.5169405769107849 0.11308451997134114 0.09971537924183764
3 0.14596608984487017 0.39367730472905405 0.11405619186899302 0.09256321630349873
3 0.1221117933573414 0.2679766685151907 0.12089144878716587 0.08678992829852128
3 0.08733523146683524 0.1510281556469473 0.12343882828137871 0.0891366707376202
0 0.1167473371048036 0.7863875058447541 0.13191409365902665 0.10882754340408553
0 0.04197593230980794 0.4219591974648457 0.08395186461961597 0.078822026662599
2 0.14248748940359257 0.9044662145533094 0.12573798501439867 0.10641055630696741
2 0.5424539068242241 0.4204424111734678 0.13005711275488266 0.11047313818581088
2 0.6352980461687706 0.2720171178085511 0.12292434275211768 0.10853156569632877
2 0.9697555546806987 0.7003442089657426 0.06048889063860756 0.09357948118840909
0 0.9538115826994782 0.5820694526164019 0.09237683460104136 0.08656928031367869
0 0.8797173584936782 0.21666749141573682 0.12574861094279582 0.11629758869116841
3 0.29195402298850565 0.9844827586206897 0.09655172413793103 0.031034482758620165
3 0.8982758620689653 0.8517241379310363 0.1121881437645348 0.08831162899941716
3 0.8703131193024168 0.7305390408244162 0.1134323091819175 0.08948750563471322
3 0.8391882679349968 0.6112580261593343 0.11015698594653259 0.08504276903815551
3 0.8125752441698205 0.49130688990764826 0.11415494033634303 0.08232002710677548
3 0.7516349994158387 0.24754328194166197 0.12053462154847835 0.09047992878058374
3 0.7198251434834495 0.1252102512252563 0.1215091743641858 0.10281020179331155
3 0.6913793103448278 0.021264367816091947 0.09080459770114978 0.042528735632183894
4 0.06275216044734569 0.5419256120466341 0.1250780578860373 0.12323969659160483
1 0.0876880418702488 0.6631000485273921 0.13068616285073353 0.12044903107924228
1 0.9374777143040811 0.461253661610768 0.12504457139183656 0.12217851214749921
