3 0.06091954022988503 0.8195402298850573 0.07126436781609193 0.09655172413793095
3 0.1896551724137931 0.8166666666666665 0.07126436781609195 0.09770114942528721
3 0.31091954022988505 0.8183908045977012 0.0793103448275862 0.10114942528735625
3 0.4385057471264367 0.8178160919540229 0.07241379310344825 0.09770114942528735
3 0.6879310344827584 0.8166666666666665 0.06781609195402283 0.09540229885057482
3 0.8120689655172413 0.8155172413793101 0.08850574712643663 0.09770114942528735
3 0.9379310344827582 0.8172413793103448 0.07816091954022997 0.09655172413793102
3 0.5637931034482758 0.5689655172413792 0.0747126436781609 0.09885057471264361
3 0.5626436781609194 0.3195402298850574 0.0793103448275862 0.09425287356321839
3 0.6873563218390804 0.19310344827586204 0.07126436781609186 0.1011494252873563
3 0.8103448275862064 0.19367816091954018 0.0804597701149424 0.09999999999999991
3 0.9373563218390802 0.19252873563218387 0.0747126436781609 0.09999999999999998
3 0.4367816091954023 0.19655172413793098 0.0850574712643678 0.09425287356321838
3 0.31206896551724134 0.19540229885057467 0.0793103448275862 0.09655172413793103
3 0.18620689655172412 0.19425287356321835 0.09195402298850575 0.09885057471264366
3 0.06264367816091954 0.19482758620689652 0.09080459770114942 0.0954022988505747
1 0.5632183908045977 0.9385057471264366 0.09885057471264368 0.10919540229885058
1 0.5603448275862069 0.06379310344827586 0.09999999999999992 0.10919540229885058
